MT	83	83	0.0285714285714286
MT	153	153	0.0163934426229508
MT	195	195	0.352941176470588
MT	217	217	0.0151515151515152
MT	347	347	0.0131578947368421
MT	874	874	0.0104166666666667
MT	1151	1151	0.144329896907216
MT	1169	1169	0.0104166666666667
MT	1183	1183	0.0112359550561798
MT	1393	1393	0.0104166666666667
MT	1518	1518	0.0106382978723404
MT	1853	1853	0.0153846153846154
MT	2645	2645	0.0111731843575419
MT	2713	2713	0.0119047619047619
MT	2962	2962	0.0188679245283019
MT	4572	4572	0.0131578947368421
MT	4609	4609	0.0136986301369863
MT	5182	5182	0.0122699386503067
MT	5702	5702	0.0136986301369863
MT	5706	5706	0.0153846153846154
MT	5745	5745	0.0131578947368421
MT	7426	7426	0.0121951219512195
MT	8166	8166	0.366459627329193
MT	8879	8879	0.0108695652173913
MT	9953	9953	0.0138888888888889
MT	10278	10278	0.0246913580246914
MT	10307	10307	0.0487804878048781
MT	10512	10512	0.012987012987013
MT	10646	10646	0.0147058823529412
MT	11675	11675	0.0178571428571429
MT	12415	12415	0.0833333333333333
MT	12662	12662	0.147368421052632
MT	12685	12685	0.0169491525423729
MT	12792	12792	0.0102040816326531
MT	15613	15613	0.0971428571428571
MT	16193	16193	0.0188679245283019
MT	16273	16273	0.153846153846154
MT	16479	16479	0.0143884892086331
MT	16529	16529	0.010752688172043
MT	16543	16543	0.0123456790123457
