#MitoChr	MitoPos	VarChr	VarPos	SupportedReads	MeanMappingQuality
MT	10017	2	64132194	2	37
MT	10041	8	75263507	2	37
MT	10053	5	41191906	2	37
MT	10065	15	72611438	2	37
MT	10073	11	94630311	2	37
MT	10196	7	97488352	2	37
MT	10201	15	74740932	3	37
MT	10201	7	117876367	2	37
MT	10292	1	92591656	2	37
MT	10383	1	11175386	2	37
MT	10505	3	132956216	3	37
MT	10539	11	60468320	2	37
MT	10544	2	165578525	2	37
MT	10584	9	107367469	3	37
MT	10677	1	28339538	2	37
MT	10692	20	13514768	2	37
MT	10734	13	34540093	2	37
MT	10776	1	149922154	3	37
MT	10783	12	78709408	2	37
MT	10797	3	194168722	3	37
MT	10815	8	143602141	2	37
MT	10874	19	38799417	2	37
MT	10919	9	23701465	2	37
MT	11032	8	102731651	2	37
MT	11042	11	12951775	3	37
MT	11042	3	175602625	3	37
MT	11098	11	101984933	2	37
MT	11120	7	16756530	2	30
MT	11124	10	98166532	2	37
MT	11131	4	35756708	2	37
MT	11151	1	568796	2	37
MT	11169	1	19505632	2	37
MT	11174	6	125181356	2	37
MT	11220	1	146041021	2	37
MT	11258	5	38933422	3	37
MT	11268	16	19451689	2	37
MT	11308	6	16327360	2	37
MT	11347	19	54070305	2	37
MT	11359	12	12597033	2	37
MT	11389	1	178379455	2	37
MT	11393	10	100135994	2	37
MT	11396	4	127210886	2	37
MT	11421	19	18324096	2	37
MT	11474	15	43973943	2	37
MT	11571	3	40524022	2	37
MT	11591	19	53211247	2	37
MT	11644	7	84834362	2	23
MT	11695	19	44328554	2	37
MT	11763	3	142249817	3	37
MT	11921	3	14804894	2	37
MT	11932	11	120783345	2	37
MT	11978	1	193107239	2	37
MT	11986	2	152527645	2	37
MT	12036	6	114951057	2	37
MT	121	21	14788698	2	37
MT	12117	8	118380974	2	37
MT	12194	2	89534535	2	37
MT	12196	1	81719331	2	37
MT	12213	5	104669566	3	37
MT	12216	19	43348608	3	37
MT	12251	12	128594404	2	37
MT	12272	12	119559777	2	37
MT	12298	13	101795333	2	37
MT	12321	8	24211284	2	37
MT	12433	8	7829237	2	37
MT	12434	16	71411531	3	37
MT	12461	11	4903227	2	37
MT	12472	1	61433341	2	37
MT	12482	3	107910150	2	37
MT	12491	18	57409214	4	37
MT	12501	13	77799561	2	37
MT	12511	11	118676718	2	37
MT	12549	13	39587007	2	37
MT	12646	3	87675571	3	37
MT	12679	14	22636773	2	37
MT	12688	4	49311162	2	37
MT	12704	12	66707831	2	37
MT	12734	11	132692386	2	37
MT	12758	14	39832928	2	37
MT	12766	2	42697128	2	37
MT	12781	11	113802512	2	37
MT	12782	12	105151297	2	31
MT	12852	7	140487247	2	37
MT	129	2	83454197	2	37
MT	13016	17	14095582	2	37
MT	13021	4	55604570	2	37
MT	13040	1	193093917	3	37
MT	13052	17	28652505	3	37
MT	1312	1	240308058	2	37
MT	13122	8	119780375	3	37
MT	1319	19	53453234	2	37
MT	13220	2	81495385	2	37
MT	13267	1	86591170	2	37
MT	13335	2	99979932	2	37
MT	13411	9	107973301	2	37
MT	13439	3	142272000	2	37
MT	13516	21	40570915	2	37
MT	13519	4	183603766	3	37
MT	13547	12	88747305	2	37
MT	13693	7	19469351	3	37
MT	13733	1	84732689	4	37
MT	13760	2	178740573	3	37
MT	13861	2	170663539	2	37
MT	13866	1	159015171	2	37
MT	13885	20	23702001	2	37
MT	13908	4	55564576	2	37
MT	13964	1	35369741	2	37
MT	13969	X	18283539	2	25
MT	13982	2	40366702	2	37
MT	14014	5	7894229	2	37
MT	14026	4	162044521	2	37
MT	14028	6	42985567	3	37
MT	1404	1	171981740	3	23
MT	14056	X	79974884	2	37
MT	14097	6	51887630	2	37
MT	14097	9	44282721	2	37
MT	14102	3	87072617	2	37
MT	14123	7	24671999	2	37
MT	14132	7	20652754	3	37
MT	14134	X	133663514	2	37
MT	14150	5	65985088	2	37
MT	14155	22	38406900	2	37
MT	14157	16	52010758	2	37
MT	14182	20	33330840	2	37
MT	14192	5	179044440	2	37
MT	14219	13	66362090	2	37
MT	14245	2	162309865	2	37
MT	14256	21	34418910	2	37
MT	14258	20	5260069	2	37
MT	14258	4	190283382	5	37
MT	14264	10	14560055	2	37
MT	14291	20	6438988	2	37
MT	14307	2	37264955	4	37
MT	14309	2	177491429	2	37
MT	14333	8	137571749	2	37
MT	14342	X	135098916	2	37
MT	14379	9	110399256	2	37
MT	14389	20	60067446	2	22.5
MT	14393	15	85280166	3	37
MT	14393	8	125862721	2	37
MT	14399	3	133760726	2	37
MT	14409	17	43591704	2	37
MT	14410	19	426912	2	37
MT	14417	1	161143431	2	37
MT	14453	6	156922708	2	37
MT	14514	15	22148663	2	37
MT	14647	1	183486742	2	37
MT	14652	11	1017052	3	37
MT	14669	7	151236100	3	37
MT	14673	5	81572045	2	37
MT	14676	2	239141396	3	37
MT	14702	1	159100019	2	37
MT	14718	2	152112018	2	37
MT	14739	10	103294360	2	37
MT	14743	2	81858824	2	37
MT	14768	21	43602642	2	37
MT	14798	13	109754569	3	37
MT	14839	8	80965689	2	37
MT	14871	8	65334387	3	32.3333333333333
MT	14895	1	167403234	2	37
MT	14895	15	72361838	2	37
MT	14911	8	69129697	2	37
MT	14917	10	82690709	2	37
MT	14922	9	33533193	2	37
MT	14936	18	39838007	2	37
MT	14952	10	10783779	3	37
MT	14967	4	29639264	2	37
MT	14973	1	152129345	3	37
MT	14977	11	10059615	3	37
MT	1521	20	20311516	2	23
MT	15288	10	56423976	2	37
MT	15326	3	131442391	2	37
MT	15343	2	209944763	3	37
MT	15351	8	120476172	3	37
MT	15376	6	38818127	2	37
MT	15386	14	31050459	2	37
MT	15407	11	32405675	2	37
MT	15422	3	82044706	2	37
MT	15466	2	196032031	2	37
MT	15490	5	170818236	3	37
MT	15539	16	80410486	2	37
MT	15562	2	157731236	2	37
MT	15564	20	3785302	2	37
MT	15566	2	98795466	2	37
MT	15577	X	112331741	2	37
MT	15594	11	73007832	3	37
MT	156	4	13706983	2	37
MT	15626	12	49093574	2	37
MT	15635	4	107157488	4	37
MT	15642	17	42971738	2	37
MT	15647	5	158019033	2	37
MT	15685	13	50338704	2	37
MT	15685	6	49556438	2	37
MT	15776	1	101525535	2	37
MT	15834	4	182173073	3	37
MT	15868	12	98228862	2	37
MT	15897	13	25827656	2	37
MT	15901	21	46117248	2	37
MT	15932	X	128975728	2	37
MT	15977	1	222806194	2	37
MT	15987	12	31250820	2	37
MT	16018	21	34113630	3	37
MT	1602	11	32072343	2	37
MT	16024	4	102280746	2	37
MT	16056	7	158463938	2	37
MT	16057	8	121392634	2	37
MT	16063	16	58811085	2	37
MT	16120	4	43206276	3	37
MT	1615	2	243167246	2	31
MT	16182	2	135926332	3	37
MT	16194	19	9010958	2	37
MT	16227	10	51374335	2	37
MT	16229	1	67764568	2	25
MT	16240	17	28380833	2	37
MT	16250	1	119938190	2	37
MT	16257	Y	59373563	2	37
MT	16258	9	79954746	4	37
MT	16348	9	6980615	2	37
MT	16349	21	24516383	2	37
MT	16377	X	101091008	3	37
MT	16401	2	14353252	2	37
MT	16454	14	23999418	3	37
MT	1666	18	43488016	2	37
MT	1749	2	160741741	2	37
MT	1756	1	186281362	2	37
MT	1788	4	47408647	2	37
MT	1799	6	5609611	3	37
MT	1814	3	58302339	3	37
MT	1881	10	63525562	2	37
MT	1881	3	175892782	4	37
MT	1882	8	41615538	2	37
MT	1927	10	115391195	3	27.6666666666667
MT	1945	14	59409450	2	23
MT	1946	7	7916541	3	23
MT	1960	6	49323483	2	37
MT	2088	3	155632241	2	37
MT	2148	5	142435648	6	37
MT	2168	2	86434336	3	37
MT	2179	4	91796244	3	37
MT	2233	15	65891075	2	37
MT	2240	3	108698392	2	37
MT	2252	1	171041986	2	37
MT	2280	12	120181659	2	37
MT	2289	3	148880612	2	37
MT	2302	15	43025250	3	37
MT	2303	16	63586948	2	37
MT	2329	11	118342588	2	37
MT	2330	15	41476530	3	37
MT	2334	4	109747703	2	37
MT	2336	7	138265174	2	37
MT	2347	7	129858225	2	37
MT	2389	X	125431554	2	37
MT	2472	X	94213012	2	37
MT	2504	2	90259631	2	37
MT	2516	18	22020479	2	37
MT	2535	1	186031615	4	37
MT	2639	11	113631024	2	37
MT	2700	7	44046897	2	37
MT	2701	3	189248400	3	37
MT	2747	7	152992197	2	37
MT	2860	8	88779528	5	37
MT	2865	19	13627653	2	37
MT	2926	11	79665492	2	37
MT	2959	8	139809017	2	37
MT	3011	10	68848295	2	37
MT	3021	3	170071230	2	37
MT	3031	5	50808391	3	37
MT	3042	4	113553372	3	37
MT	3195	1	152601128	3	37
MT	3203	19	55289946	2	37
MT	3223	3	47084176	2	37
MT	3253	X	152878453	2	37
MT	3293	6	49473486	5	37
MT	3298	X	134889638	2	37
MT	3329	8	33139317	2	37
MT	3340	5	13234705	2	37
MT	3409	2	125274764	2	37
MT	3432	3	170883343	2	37
MT	346	19	1774871	2	37
MT	3530	5	4551848	2	37
MT	3630	18	258898	2	37
MT	3664	3	184429282	3	37
MT	3725	1	77588017	2	37
MT	3746	1	223285338	2	37
MT	3800	17	37185240	2	37
MT	4015	8	103274072	2	37
MT	4237	16	76000898	2	37
MT	4295	4	104884750	2	37
MT	430	12	46265687	2	37
MT	4357	10	17204126	2	23
MT	4372	21	27078272	2	23
MT	4414	X	18198809	2	23
MT	4653	5	153414326	2	23
MT	475	13	102891761	2	37
MT	4802	22	45209754	2	23
MT	4805	13	32709061	2	30
MT	4935	2	219602675	2	37
MT	4964	2	58235381	2	37
MT	4965	2	204131290	2	37
MT	4965	2	207299066	2	37
MT	4968	1	565240	2	37
MT	5025	4	31762572	2	23
MT	5032	19	9006237	2	23
MT	5048	X	137982429	2	23
MT	5074	X	154507006	3	23
MT	5098	10	22396641	2	23
MT	5101	6	90605799	2	23
MT	5141	6	53655785	2	23
MT	5143	20	50950414	2	23
MT	5255	X	6195272	2	37
MT	5256	4	176561798	2	37
MT	5276	3	166684781	4	37
MT	5278	20	57019037	2	37
MT	5290	1	145235137	2	37
MT	5301	1	78430467	2	37
MT	5301	10	132843524	3	37
MT	5301	5	36051976	2	37
MT	5303	22	42452817	2	37
MT	5336	16	15111392	2	37
MT	5341	11	60994506	2	37
MT	5352	1	219706319	2	37
MT	5370	2	162362610	2	37
MT	5375	1	158605806	2	37
MT	5386	11	79229247	2	37
MT	5392	15	53316816	3	37
MT	5393	6	47384220	2	37
MT	5414	7	87038462	3	37
MT	5418	X	15344073	2	37
MT	5439	10	24873359	2	37
MT	5445	6	48117465	4	37
MT	5450	4	128628085	2	37
MT	5456	11	5776681	2	37
MT	5477	1	568784	2	23
MT	5484	2	160879386	2	37
MT	5515	2	13876255	3	23
MT	5543	14	89154598	2	23
MT	5554	1	158815682	3	23
MT	565	15	20083728	2	37
MT	5752	5	164442718	2	37
MT	5794	2	120844214	3	37
MT	5813	X	149202743	3	37
MT	5819	X	17311854	2	37
MT	5823	2	25470308	2	23
MT	590	21	17191066	2	37
MT	594	12	3796713	3	37
MT	5974	2	198283329	2	23
MT	6012	4	123308241	2	23
MT	6176	1	109724253	2	37
MT	6340	1	169510243	3	37
MT	6370	7	156754896	2	37
MT	6381	11	121475769	2	37
MT	6416	2	109381535	2	37
MT	6421	3	150842297	2	37
MT	6431	12	74186147	3	37
MT	647	14	99755533	2	37
MT	6509	X	154020192	2	37
MT	6522	21	30353496	2	37
MT	6525	3	195518313	3	37
MT	654	2	81061514	2	37
MT	6554	1	241943096	2	37
MT	6605	9	79691545	3	37
MT	6625	12	63962971	2	37
MT	6681	10	76339062	2	37
MT	6840	1	109770991	2	37
MT	6885	2	181493300	2	37
MT	6898	18	47586099	2	37
MT	690	3	102019354	2	37
MT	6917	18	24179922	2	37
MT	6938	X	79254470	2	23
MT	7085	1	566657	2	23
MT	7152	X	89355918	2	23
MT	7180	7	28360230	2	37
MT	7183	4	63614944	2	37
MT	7227	12	126049473	2	37
MT	7240	X	142596683	2	37
MT	7265	3	119456301	2	23
MT	7288	21	31973508	2	23
MT	744	2	214735578	2	37
MT	7461	17	45234359	2	23
MT	7512	15	28277161	2	23
MT	7568	7	26948267	2	23
MT	7572	8	27533948	2	23
MT	7579	9	37777554	2	23
MT	7656	10	70097532	5	23
MT	7696	11	106996755	2	23
MT	7715	2	207605924	2	23
MT	772	18	68752260	2	37
MT	7726	9	91940889	2	23
MT	7730	8	25205120	2	23
MT	7753	15	93527680	2	23
MT	7766	12	82880878	3	23
MT	7783	1	107323763	2	37
MT	7790	12	49398332	2	37
MT	7811	10	119617332	2	37
MT	7843	1	226576197	2	37
MT	7844	1	183559363	2	37
MT	7892	12	9596215	2	23
MT	7894	4	175356964	2	23
MT	7975	3	122000841	3	37
MT	7992	X	77666298	2	37
MT	8031	13	39863494	2	20
MT	8053	3	188123839	2	37
MT	8094	17	57307223	2	37
MT	8129	11	29088839	3	37
MT	8172	21	20230448	2	37
MT	8311	9	102698057	2	23
MT	8328	12	113435737	2	23
MT	8344	4	67101922	2	23
MT	8349	20	37005294	2	23
MT	8358	5	70898719	2	37
MT	8383	X	130357703	3	37
MT	8391	2	209168895	2	37
MT	8445	X	70127627	2	37
MT	8472	7	67572745	4	37
MT	8512	6	114808537	3	23
MT	8533	10	97917632	2	23
MT	8583	2	198244931	2	37
MT	8586	16	29395565	2	37
MT	8624	2	138884146	4	37
MT	8637	2	7376265	2	37
MT	8640	5	80476389	2	37
MT	8647	2	152988600	2	37
MT	8676	16	30516679	2	37
MT	8880	1	40477188	2	23
MT	8880	4	112473024	2	23
MT	8896	2	145991396	2	23
MT	8898	9	116930895	3	23
MT	8903	6	142510624	2	23
MT	8908	14	24274293	2	23
MT	8928	17	45821651	3	23
MT	8963	12	11546583	3	23
MT	8984	17	72206116	2	37
MT	9007	10	115971271	2	37
MT	9007	8	55210137	2	37
MT	9020	5	68684934	3	37
MT	9023	13	102993269	3	37
MT	9039	10	133862870	2	37
MT	9044	9	8428060	2	37
MT	9046	13	32953325	2	37
MT	9055	17	73231443	2	37
MT	9077	7	128133868	2	23
MT	9083	19	33949075	2	23
MT	9086	1	65878571	2	23
MT	9093	19	22419977	2	23
MT	9095	12	66638827	4	23
MT	9098	22	28059066	2	23
MT	9128	12	81758489	2	23
MT	9131	1	192150611	2	23
MT	9151	12	77565545	2	23
MT	9187	3	127783814	2	23
MT	9222	8	129348378	2	23
MT	9231	12	66627946	2	22.5
MT	9232	2	232318134	2	37
MT	9271	5	111505823	2	37
MT	9362	1	90689990	2	23
MT	9430	1	206869450	2	37
MT	9460	X	153549119	2	37
MT	9585	2	58667107	2	23
MT	965	16	15198474	2	37
MT	9683	16	7238807	2	37
MT	9687	1	198918172	2	37
MT	9687	3	102498847	2	37
MT	9728	10	38407612	3	37
MT	9742	6	19597310	3	37
MT	9768	3	10578066	2	37
MT	9768	5	160688327	2	37
MT	9775	1	214488189	2	37
MT	9798	17	74772635	2	37
MT	9836	11	8706880	2	37
MT	9843	13	103747736	2	37
MT	9873	11	105009663	3	37
MT	9920	5	114860215	3	37
MT	9935	3	37861891	2	37
MT	9947	1	156565263	3	37
MT	9957	2	220980198	2	37
