#chr	pos	ref	forward_A	forward_T	forward_C	forward_G	reverse_A	reverse_T	reverse_C	reverse_G	heteroplasmy	95%ci_lower	95%ci_upper	major_allele	minor_allele	major_allele_count	minor_allele_count
MT	195	T	0	10	5	0	0	1	1	0	0.352941176470588	0.125769252042141	0.580113100899036	T	C	11	6
MT	1149	G	9	0	0	50	5	0	0	33	0.144329896907216	0.074393776963065	0.214266016851368	G	A	83	14
MT	3107	N	0	0	1	0	0	2	0	0	0.333333333333333	0	0.866777766206114	T	C	2	1
MT	8165	G	20	0	0	42	39	0	0	60	0.366459627329193	0.292030427672835	0.44088882698555	G	A	102	59
MT	12414	T	0	1	10	0	0	1	12	0	0.0833333333333333	0	0.193910522729767	C	T	22	2
MT	12661	A	28	0	0	5	53	0	0	9	0.147368421052632	0.0760868618707553	0.218649980234508	A	G	81	14
MT	12705	C	0	3	1	0	0	9	0	0	0.0769230769230769	0	0.221777468365217	T	C	12	1
MT	15612	G	7	0	0	59	10	0	0	99	0.0971428571428571	0.0532643339224934	0.141021380363221	G	A	158	17
MT	15884	G	0	0	3	1	0	0	4	0	0.125	0	0.354176514939904	C	G	7	1
MT	16271	T	0	25	124	0	0	13	85	0	0.153846153846154	0.108849980332351	0.198842327359956	C	T	209	38
