Chr	Loc	Ref	A	T	C	G	a	t	c	g
MT	1	G	0	0	0	21	0	0	0	0
MT	2	A	22	0	0	0	0	0	0	0
MT	3	T	0	22	0	0	0	0	0	0
MT	4	C	0	0	22	0	0	0	0	0
MT	5	A	22	0	0	0	0	0	0	0
MT	6	C	0	0	22	0	0	0	0	0
MT	7	A	22	0	0	0	0	0	0	0
MT	8	G	0	0	0	23	0	0	0	0
MT	9	G	0	0	0	23	0	0	0	0
MT	10	T	0	23	0	0	0	0	0	0
MT	11	C	0	0	23	0	0	0	0	0
MT	12	T	0	23	0	0	0	0	0	0
MT	13	A	23	0	0	0	0	0	0	0
MT	14	T	0	23	0	0	0	0	0	0
MT	15	C	0	0	24	0	0	0	0	0
MT	16	A	23	0	0	0	0	0	0	0
MT	17	C	0	0	23	0	0	0	0	0
MT	18	C	0	0	23	0	0	0	0	0
MT	19	C	0	0	25	0	0	0	0	0
MT	20	T	0	25	0	0	0	0	0	0
MT	21	A	25	0	0	0	0	0	0	0
MT	22	T	0	25	0	0	0	0	0	0
MT	23	T	0	25	0	0	0	0	0	0
MT	24	A	24	0	0	0	0	0	0	0
MT	25	A	23	0	0	0	0	0	0	0
MT	26	C	0	0	23	0	0	0	1	0
MT	27	C	0	0	23	0	0	0	1	0
MT	28	A	23	0	0	0	1	0	0	0
MT	29	C	0	0	24	0	0	0	1	0
MT	30	T	0	24	0	0	0	1	0	0
MT	31	C	0	0	24	0	0	0	1	0
MT	32	A	23	0	0	0	1	0	0	0
MT	33	C	0	0	23	0	0	0	1	0
MT	34	G	0	0	0	22	0	0	0	1
MT	35	G	0	0	0	22	0	0	0	1
MT	36	G	0	0	0	23	0	0	0	1
MT	37	A	24	0	0	0	1	0	0	0
MT	38	G	0	0	0	24	0	0	0	1
MT	39	C	0	0	24	0	0	0	1	0
MT	40	T	0	25	0	0	0	0	0	0
MT	41	C	0	0	26	0	0	0	1	0
MT	42	T	0	26	0	0	0	1	0	0
MT	43	C	0	0	26	0	0	0	1	0
MT	44	C	0	0	26	0	0	0	1	0
MT	45	A	26	0	0	0	1	0	0	0
MT	46	T	0	26	0	0	0	1	0	0
MT	47	G	0	0	0	26	0	0	0	1
MT	48	C	0	0	25	0	0	0	1	0
MT	49	A	26	0	0	0	1	0	0	0
MT	50	T	0	26	0	0	0	1	0	0
MT	51	T	0	25	0	0	0	1	0	0
MT	52	T	0	25	0	0	0	1	0	0
MT	53	G	0	0	0	24	0	0	0	1
MT	54	G	0	0	0	22	0	0	0	2
MT	55	T	0	21	0	0	0	2	0	0
MT	56	A	23	0	0	0	2	0	0	0
MT	57	T	0	23	0	0	0	2	0	0
MT	58	T	0	23	0	0	0	3	0	0
MT	59	T	0	23	0	0	0	3	0	0
MT	60	T	0	22	0	0	0	3	0	0
MT	61	C	0	0	23	0	0	0	3	0
MT	62	G	0	0	0	24	0	0	0	3
MT	63	T	0	24	0	0	0	3	0	0
MT	64	C	0	0	26	0	0	0	3	0
MT	65	T	0	26	0	0	0	3	0	0
MT	66	G	0	0	0	26	0	0	0	3
MT	67	G	0	0	0	25	0	0	0	3
MT	68	G	0	0	0	25	0	0	0	3
MT	69	G	0	0	0	23	0	0	0	5
MT	70	G	0	0	0	24	0	0	0	5
MT	71	G	0	0	0	25	0	0	0	5
MT	72	T	0	23	0	0	0	5	0	0
MT	73	G	0	0	0	24	0	0	0	5
MT	74	T	0	25	0	0	0	5	0	0
MT	75	G	0	0	0	25	0	0	0	5
MT	76	C	0	0	25	0	0	0	6	0
MT	77	A	25	0	0	0	5	0	0	0
MT	78	C	0	0	25	0	0	0	6	0
MT	79	G	0	0	0	25	0	0	0	6
MT	80	C	0	0	26	0	0	0	6	0
MT	81	G	0	0	0	27	0	0	0	5
MT	82	A	27	0	0	0	6	0	0	0
MT	83	T	1	27	0	0	0	7	0	0
MT	84	A	28	0	0	0	8	0	0	0
MT	85	G	0	0	0	28	0	0	0	8
MT	86	C	0	0	27	0	0	0	8	0
MT	87	A	28	0	0	0	8	0	0	0
MT	88	T	0	28	0	0	0	8	0	0
MT	89	T	0	28	0	0	0	8	0	0
MT	90	G	0	0	0	28	0	0	0	8
MT	91	C	0	0	28	0	0	0	8	0
MT	92	G	0	0	0	27	0	0	0	8
MT	93	A	29	0	0	0	8	0	0	0
MT	94	G	0	0	0	29	0	0	0	9
MT	95	A	29	0	0	0	9	0	0	0
MT	96	C	0	0	29	0	0	0	10	0
MT	97	G	0	0	0	29	0	0	0	10
MT	98	C	0	0	29	0	0	0	11	0
MT	99	T	0	28	0	0	0	10	0	0
MT	100	G	0	0	0	29	0	0	0	11
MT	101	G	0	0	0	29	0	0	0	12
MT	102	A	28	0	0	0	12	0	0	0
MT	103	G	0	0	0	28	0	0	0	12
MT	104	C	0	0	28	0	0	0	13	0
MT	105	C	0	0	28	0	0	0	13	0
MT	106	G	0	0	0	29	0	0	0	13
MT	107	G	0	0	0	29	0	0	0	13
MT	108	A	25	0	0	0	13	0	0	0
MT	109	G	0	0	0	28	0	0	0	12
MT	110	C	0	0	29	0	0	0	13	0
MT	111	A	29	0	0	0	12	0	0	0
MT	112	C	0	0	30	0	0	0	13	0
MT	113	C	0	0	30	0	0	0	13	0
MT	114	C	0	0	30	0	0	0	13	0
MT	115	T	0	29	0	0	0	13	0	0
MT	116	A	29	0	0	0	13	0	0	0
MT	117	T	0	29	0	0	0	13	0	0
MT	118	G	0	0	0	29	0	0	0	13
MT	119	T	0	27	0	0	0	13	0	0
MT	120	C	0	0	28	0	0	0	13	0
MT	121	G	0	0	0	28	0	0	0	14
MT	122	C	0	0	29	0	0	0	14	0
MT	123	A	27	0	0	0	15	0	0	0
MT	124	G	0	0	0	30	0	0	0	15
MT	125	T	0	30	0	0	0	15	0	0
MT	126	A	29	0	0	0	15	0	0	0
MT	127	T	0	30	0	0	0	15	0	0
MT	128	C	0	0	30	0	0	0	16	0
MT	129	T	0	31	0	0	0	16	0	0
MT	130	G	0	0	0	32	0	0	0	16
MT	131	T	0	33	0	0	0	16	0	0
MT	132	C	0	0	34	0	0	0	16	0
MT	133	T	0	35	0	0	0	16	0	0
MT	134	T	0	34	0	0	0	16	0	0
MT	135	T	0	36	0	0	0	16	0	0
MT	136	G	0	0	0	35	0	0	0	16
MT	137	A	34	0	0	0	15	0	0	0
MT	138	T	0	35	0	0	0	16	0	0
MT	139	T	0	35	0	0	0	16	0	0
MT	140	C	0	0	30	0	0	0	17	0
MT	141	C	0	0	34	0	0	0	17	0
MT	142	T	0	35	0	0	0	17	0	0
MT	143	G	0	0	0	36	0	0	0	18
MT	144	C	0	0	34	0	0	0	19	0
MT	145	C	0	0	37	0	0	0	19	0
MT	146	T	0	37	0	0	0	19	0	0
MT	147	C	0	0	37	0	0	0	18	0
MT	148	A	37	0	0	0	19	0	0	0
MT	149	T	0	21	0	0	0	11	0	0
MT	150	T	0	0	12	0	0	0	1	0
MT	151	C	0	0	22	0	0	0	11	0
MT	152	T	0	41	0	0	0	19	0	0
MT	153	A	40	0	0	1	20	0	0	0
MT	154	T	0	42	0	0	0	19	0	0
MT	155	T	0	42	0	0	0	18	0	0
MT	156	A	41	0	0	0	19	0	0	0
MT	157	T	0	41	0	0	0	18	0	0
MT	158	T	0	40	0	0	0	19	0	0
MT	159	T	0	39	0	0	0	19	0	0
MT	160	A	39	0	0	0	18	0	0	0
MT	161	T	0	38	0	0	0	19	0	0
MT	162	C	0	0	38	0	0	0	19	0
MT	163	G	0	0	0	37	0	0	0	19
MT	164	C	0	0	35	0	0	0	19	0
MT	165	A	36	0	0	0	18	0	0	0
MT	166	C	0	0	36	0	0	0	19	0
MT	167	C	0	0	39	0	0	0	19	0
MT	168	T	0	39	0	0	0	19	0	0
MT	169	A	39	0	0	0	16	0	0	0
MT	170	C	0	0	39	0	0	0	17	0
MT	171	G	0	0	0	40	0	0	0	17
MT	172	T	0	40	0	0	0	17	0	0
MT	173	T	0	39	0	0	0	17	0	0
MT	174	C	0	0	39	0	0	0	17	0
MT	175	A	40	0	0	0	17	0	0	0
MT	176	A	40	0	0	0	16	0	0	0
MT	177	T	0	42	0	0	0	16	0	0
MT	178	A	42	0	0	0	16	0	0	0
MT	179	T	0	42	0	0	0	16	0	0
MT	180	T	0	41	0	0	0	16	0	0
MT	181	A	40	0	0	0	15	0	0	0
MT	182	C	0	0	40	0	0	0	16	0
MT	183	A	41	0	0	0	15	0	0	0
MT	184	G	0	0	0	41	0	0	0	14
MT	185	G	0	0	0	41	0	0	0	14
MT	186	C	0	0	41	0	0	0	14	0
MT	187	G	0	0	0	41	0	0	0	14
MT	188	A	41	0	0	0	14	0	0	0
MT	189	A	0	0	0	41	0	0	0	14
MT	190	C	0	0	44	0	0	0	14	0
MT	191	A	44	0	0	0	15	0	0	0
MT	192	T	0	44	0	0	0	15	0	0
MT	193	A	43	0	0	0	15	0	0	0
MT	194	C	0	0	38	0	0	0	12	0
MT	195	C	0	0	33	0	0	0	12	0
MT	196	T	0	38	0	0	0	12	0	0
MT	197	A	44	0	0	0	13	0	0	0
MT	198	C	0	0	46	0	0	0	13	0
MT	199	T	0	46	0	0	0	13	0	0
MT	200	A	48	0	0	0	12	0	0	0
MT	201	A	47	0	0	0	12	0	0	0
MT	202	A	48	0	0	0	13	0	0	0
MT	203	G	0	0	0	47	0	0	0	13
MT	204	T	0	0	45	0	0	0	10	0
MT	205	G	0	0	0	46	0	0	0	9
MT	206	T	0	46	0	0	0	10	0	0
MT	207	G	46	0	0	0	10	0	0	0
MT	208	T	0	47	0	0	0	10	0	0
MT	209	T	0	51	0	0	0	11	0	0
MT	210	A	51	0	0	0	11	0	0	0
MT	211	A	52	0	0	0	11	0	0	0
MT	212	T	0	50	0	0	0	11	0	0
MT	213	T	0	52	0	0	0	12	0	0
MT	214	A	53	0	0	0	13	0	0	0
MT	215	A	53	0	0	0	13	0	0	0
MT	216	T	0	55	0	0	0	13	0	0
MT	217	T	0	52	1	0	0	13	0	0
MT	218	A	55	0	0	0	13	0	0	0
MT	219	A	55	0	0	0	13	0	0	0
MT	220	T	0	56	0	0	0	13	0	0
MT	221	G	0	0	0	57	0	0	0	12
MT	222	C	0	0	55	0	0	0	14	0
MT	223	T	0	54	0	0	0	15	0	0
MT	224	T	0	54	0	0	0	15	0	0
MT	225	G	0	0	0	55	0	0	0	15
MT	226	T	0	56	0	0	0	14	0	0
MT	227	A	55	0	0	0	15	0	0	0
MT	228	G	0	0	0	55	0	0	0	14
MT	229	G	0	0	0	53	0	0	0	14
MT	230	A	54	0	0	0	13	0	0	0
MT	231	C	0	0	53	0	0	0	13	0
MT	232	A	54	0	0	0	14	0	0	0
MT	233	T	0	53	0	0	0	13	0	0
MT	234	A	53	0	0	0	14	0	0	0
MT	235	A	52	0	0	0	14	0	0	0
MT	236	T	0	51	0	0	0	12	0	0
MT	237	A	51	0	0	0	14	0	0	0
MT	238	A	50	0	0	0	14	0	0	0
MT	239	T	0	50	0	0	0	12	0	0
MT	240	A	50	0	0	0	14	0	0	0
MT	241	A	49	0	0	0	14	0	0	0
MT	242	C	0	0	50	0	0	0	14	0
MT	243	A	50	0	0	0	13	0	0	0
MT	244	A	49	0	0	0	13	0	0	0
MT	245	T	0	47	0	0	0	14	0	0
MT	246	T	0	47	0	0	0	14	0	0
MT	247	G	0	0	0	47	0	0	0	14
MT	248	A	47	0	0	0	14	0	0	0
MT	249	A	47	0	0	0	15	0	0	0
MT	250	T	0	46	0	0	0	15	0	0
MT	251	G	0	0	0	47	0	0	0	14
MT	252	T	0	44	0	0	0	14	0	0
MT	253	C	0	0	49	0	0	0	15	0
MT	254	T	0	49	0	0	0	15	0	0
MT	255	G	0	0	0	49	0	0	0	14
MT	256	C	0	0	50	0	0	0	15	0
MT	257	A	51	0	0	0	14	0	0	0
MT	258	C	0	0	50	0	0	0	14	0
MT	259	A	50	0	0	0	14	0	0	0
MT	260	G	0	0	0	53	0	0	0	14
MT	261	C	0	0	53	0	0	0	15	0
MT	262	C	0	0	52	0	0	0	15	0
MT	263	G	0	0	0	53	0	0	0	15
MT	264	C	0	0	55	0	0	0	16	0
MT	265	T	0	53	0	0	0	16	0	0
MT	266	T	0	54	0	0	0	15	0	0
MT	267	T	0	51	0	0	0	14	0	0
MT	268	C	0	0	51	0	0	0	15	0
MT	269	C	0	0	52	0	0	0	15	0
MT	270	A	51	0	0	0	14	0	0	0
MT	271	C	0	0	50	0	0	0	16	0
MT	272	A	51	0	0	0	16	0	0	0
MT	273	C	0	0	50	0	0	0	17	0
MT	274	A	49	0	0	0	18	0	0	0
MT	275	G	0	0	0	51	0	0	0	17
MT	276	A	51	0	0	0	17	0	0	0
MT	277	C	0	0	50	0	0	0	19	0
MT	278	A	50	0	0	0	19	0	0	0
MT	279	T	0	53	0	0	0	19	0	0
MT	280	C	0	0	54	0	0	0	19	0
MT	281	A	54	0	0	0	19	0	0	0
MT	282	T	0	53	0	0	0	18	0	0
MT	283	A	53	0	0	0	19	0	0	0
MT	284	A	54	0	0	0	19	0	0	0
MT	285	C	0	0	55	0	0	0	19	0
MT	286	A	56	0	0	0	21	0	0	0
MT	287	A	56	0	0	0	21	0	0	0
MT	288	A	54	0	0	0	21	0	0	0
MT	289	A	53	0	0	0	20	0	0	0
MT	290	A	52	0	0	0	21	0	0	1
MT	291	A	53	0	0	0	22	0	0	0
MT	292	T	0	54	0	0	0	21	0	0
MT	293	T	0	55	0	0	0	23	0	0
MT	294	T	0	55	0	0	0	20	0	0
MT	295	C	0	0	54	0	0	0	25	0
MT	296	C	0	0	56	0	0	0	25	0
MT	297	A	53	0	0	0	20	0	0	0
MT	298	C	0	0	51	0	0	0	23	0
MT	299	C	0	0	50	0	0	0	23	0
MT	300	A	48	0	0	0	23	0	0	0
MT	301	A	48	0	0	0	23	0	0	0
MT	302	A	48	0	0	0	18	0	0	0
MT	303	C	0	0	25	0	0	0	17	0
MT	304	C	0	0	25	0	0	0	14	0
MT	305	C	0	0	24	0	0	0	14	0
MT	306	C	0	0	23	0	0	0	14	0
MT	307	C	0	0	21	0	0	0	14	0
MT	308	C	0	0	19	0	0	0	14	0
MT	309	C	0	0	17	0	0	0	14	0
MT	310	C	0	0	10	0	0	0	0	0
MT	311	T	0	0	2	0	0	0	0	0
MT	312	C	0	0	8	0	0	0	0	0
MT	313	C	0	0	7	0	0	0	0	0
MT	314	C	0	0	7	0	0	0	0	0
MT	315	C	0	0	6	0	0	0	0	0
MT	316	C	0	0	4	0	0	0	0	0
MT	317	C	0	0	4	0	0	0	0	0
MT	339	A	0	0	0	0	1	0	0	0
MT	340	C	0	0	0	0	0	0	1	0
MT	3630	C	0	0	0	0	0	0	1	0
MT	3631	C	0	0	0	0	0	0	1	0
MT	10399	G	0	0	0	1	0	0	0	0
MT	10904	C	0	0	0	0	0	0	1	0
MT	10905	C	0	0	0	0	0	0	1	0
MT	10907	A	0	0	0	0	1	0	0	0
MT	11518	T	0	0	0	0	0	1	0	0
MT	12392	A	0	0	0	0	1	0	0	0
MT	16181	A	2	0	0	0	2	0	0	0
MT	16182	A	2	0	0	0	2	0	0	0
MT	16183	A	2	0	0	0	2	0	0	0
