#chr	pos	ref	forward_A	forward_T	forward_C	forward_G	reverse_A	reverse_T	reverse_C	reverse_G	heteroplasmy	95%ci_lower	95%ci_upper	major_allele	minor_allele	major_allele_count	minor_allele_count	strand_bias
MT	83	T	1	27	0	0	0	7	0	0	0.0285714285714286	0	0.0837656311655417	T	A	34	1	1.25
MT	153	A	40	0	0	1	20	0	0	0	0.0163934426229508	0	0.0482601317774987	A	G	60	1	1.48780487804878
MT	195	T	0	10	5	0	0	1	1	0	0.352941176470588	0.125769252042141	0.580113100899036	T	C	11	6	0.472222222222222
MT	217	T	0	52	1	0	0	13	0	0	0.0151515151515152	0	0.0446226491018119	T	C	65	1	1.24528301886792
MT	345	C	0	1	41	0	0	0	34	0	0.0131578947368421	0	0.0387771390116528	C	T	75	1	1.80952380952381
MT	872	G	0	0	0	33	0	1	0	62	0.0104166666666667	0	0.0307267181572692	G	T	95	1	1.52380952380952
MT	1149	G	9	0	0	50	5	0	0	33	0.144329896907216	0.074393776963065	0.214266016851368	G	A	83	14	0.145246591053906
MT	1167	A	53	0	0	1	42	0	0	0	0.0104166666666667	0	0.0307267181572692	A	G	95	1	1.77777777777778
MT	1181	G	0	0	0	48	0	1	0	40	0.0112359550561798	0	0.0331343557147237	G	T	88	1	2.17073170731707
MT	1391	T	0	45	0	0	0	50	1	0	0.0104166666666667	0	0.0307267181572692	T	C	95	1	1.88235294117647
MT	1516	G	0	0	1	53	0	0	0	40	0.0106382978723404	0	0.0313781552354471	G	C	93	1	1.74074074074074
MT	1851	G	2	0	0	72	0	0	0	56	0.0153846153846154	0	0.0365419534503603	G	A	128	2	1.75675675675676
MT	2643	G	1	0	0	63	1	0	0	114	0.0111731843575419	0	0.0265716750869098	G	A	177	2	0.620176630434783
MT	2711	A	56	0	0	1	110	0	0	1	0.0119047619047619	0	0.0283054168149014	A	G	166	2	0.716927453769559
MT	2960	T	0	62	2	0	0	42	0	0	0.0188679245283019	0	0.0447696646057745	T	C	104	2	1.65625
MT	4571	A	30	0	0	0	45	0	0	1	0.0131578947368421	0	0.0387771390116528	A	G	75	1	1.65217391304348
MT	4608	A	32	0	0	0	40	0	0	1	0.0136986301369863	0	0.0403634116437366	A	G	72	1	1.78048780487805
MT	5181	A	226	0	0	4	96	0	0	0	0.0122699386503067	0.000319396644222345	0.0242204806563912	A	G	322	4	1.41739130434783
MT	5701	A	32	0	1	0	40	0	0	0	0.0136986301369863	0	0.0403634116437366	A	C	72	1	2.21212121212121
MT	5705	A	32	0	0	0	32	0	1	0	0.0153846153846154	0	0.0453056098209044	A	C	64	1	1.96969696969697
MT	5744	G	1	0	0	46	0	0	0	29	0.0131578947368421	0	0.0387771390116528	G	A	75	1	1.61702127659574
MT	7425	C	0	0	42	1	0	0	39	0	0.0121951219512195	0	0.0359513673165889	C	G	81	1	1.90697674418605
MT	8165	G	20	0	0	42	39	0	0	60	0.366459627329193	0.292030427672835	0.44088882698555	G	A	102	59	0.194724721241944
MT	8878	C	1	0	83	0	1	0	99	0	0.0108695652173913	0	0.0258519183338652	C	A	182	2	0.175238095238095
MT	9952	G	0	0	0	53	2	0	0	89	0.0138888888888889	0	0.0330037656891501	G	A	142	2	1.58241758241758
MT	10277	A	38	0	0	0	41	0	2	0	0.0246913580246914	0	0.0584867187604307	A	C	79	2	1.88372093023256
MT	10306	A	41	0	0	0	37	0	4	0	0.0487804878048781	0.00215615932737761	0.0954048162823785	A	C	78	4	2
MT	10511	C	0	0	37	1	0	0	39	0	0.012987012987013	0	0.0382757290186233	C	G	76	1	2.02631578947368
MT	10645	T	0	96	2	0	0	38	0	0	0.0147058823529412	0	0.034936777807104	T	C	134	2	1.38775510204082
MT	11674	C	0	10	0	0	0	45	1	0	0.0178571428571429	0	0.0525432351709219	T	C	55	1	1.21739130434783
MT	12414	T	0	1	10	0	0	1	12	0	0.0833333333333333	0	0.193910522729767	C	T	22	2	0.167832167832168
MT	12661	A	28	0	0	5	53	0	0	9	0.147368421052632	0.0760868618707553	0.218649980234508	A	G	81	14	0.0431154866638737
MT	12684	G	0	0	0	45	2	0	0	71	0.0169491525423729	0	0.0402395581986182	G	A	116	2	1.61643835616438
MT	12791	T	0	59	1	0	0	38	0	0	0.0102040816326531	0	0.0301017791714875	T	C	97	1	1.63333333333333
MT	15612	G	7	0	0	59	10	0	0	99	0.0971428571428571	0.0532643339224934	0.141021380363221	G	A	158	17	0.147385893473319
MT	16192	C	0	34	1	0	0	18	0	0	0.0188679245283019	0	0.0554985166349265	T	C	52	1	1.51428571428571
MT	16271	T	0	25	124	0	0	13	85	0	0.153846153846154	0.108849980332351	0.198842327359956	C	T	209	38	0.228359128886454
MT	16477	G	0	0	0	8	2	0	0	129	0.0143884892086331	0	0.0341859345402906	G	A	137	2	1.06106870229008
MT	16527	C	0	0	2	0	0	0	90	1	0.010752688172043	0	0.0317143428525846	C	G	92	1	1.02197802197802
MT	16541	A	1	0	0	0	79	0	0	1	0.0123456790123457	0	0.0363933785234545	A	G	80	1	1.0125
